64 128 256 512 1024 2048 4096
CPU-matmul: 0.046000 0.320000 2.440000 21.174000 144.353000 1552.880000 13544.008000
GPU-cuBLAS-matmul: 0.034000 0.028000 0.039000 0.104000 0.541000 3.512000 22.552000
GPU-matmul-(global-memory): 0.177000 0.188000 0.443000 3.181000 26.166000 191.489000 1394.062000 
GPU-matmul-(shared-memory): 0.008000 0.014000 0.054000 0.346000 2.829000 20.628000 151.366000 